19 0.33212890625 0.40634765625 0.0205078125 0.0345703125
35 0.715625 0.5017578125 0.01875 0.034765625
20 0.7158203125 0.4609375 0.019140625 0.04375
35 0.29384765625 0.48134765625 0.0095703125 0.0158203125
32 0.29296875 0.503125 0.0109375 0.025
17 0.14609375 0.4203125 0.0109375 0.01875
17 0.20234375 0.4234375 0.0109375 0.01875
17 0.2607421875 0.41103515625 0.008984375 0.0126953125
17 0.32109375 0.415625 0.0078125 0.0125
17 0.35947265625 0.41416015625 0.0064453125 0.0126953125
50 0.39375 0.5138671875 0.009375 0.015234375